Thrower	4.3	5	5.7	6.4	7.1	7.8	8.5	9.1	9.9
Hunter	3.8	4	4.2	4.4	4.6	4.8	5	5.2	5.4
Cold Mage	2.2	2.5	2.8	3.1	3.4	3.7	4	4.3	4.6
Fire Mage	2.2	2.5	2.8	3.1	3.4	3.7	4	4.3	4.6
Lightning Mage	2.2	2.5	2.8	3.1	3.4	3.7	4	4.3	4.6
Poisoner	2.2	2.5	2.8	3.1	3.4	3.7	4	4.3	4.6
Rogue	2.2	2.5	2.8	3.1	3.4	3.7	4	4.3	4.6
Bombadier	2.25	2.5	2.75	3	3.25	3.5	3.75	4	4.25
Archer	1.8	2	2.2	2.4	2.6	2.8	3	3.2	3.4
Alchemist	1.8	2	2.2	2.4	2.6	2.8	3	3.2	3.4
Banner	3	4	5	6	7	8	9	10	11
Priestess	3	3.5	4	4.5	5	5.5	6	6.5	7
Sharpshooter	2.8	3.2	3.6	4	4.4	4.8	5.2	5.6	6
Cauldron	2.5	2.8	3.1	3.4	3.7	4	4.3	4.6	4.9
Sentry	2.2	2.5	2.8	3.1	3.4	3.7	4	4.3	4.6
Zealot	2	2.2	2.4	2.6	2.8	3	3.2	3.4	3.6
Grindstone	1.6	1.8	2	2.2	2.4	2.6	2.8	3	3.2
Chemist	1.7	1.8	1.9	2	2.1	2.2	2.3	2.4	2.5
Mime	2	3	4	5	6	7	8	9	10
Portal Keeper	2	3	4	5	6	7	8	9	10
Crystalmancer	4.5	5	5.5	6	6.5	7	7.5	8	8.5
Portal Mage	2	2.4	2.8	3.2	3.6	4	4.4	4.8	5.2
Vampire	2	2.4	2.8	3.2	3.6	4	4.4	4.8	5.2
Executioner	.5	1	1.5	2	2.5	3	3.5	4	4.5
Catapult	2	2.2	2.4	2.6	2.8	3	3.2	3.4	3.6
Engineer	2	2.2	2.4	2.6	2.8	3	3.2	3.4	3.6
Plague Doctor	2	2.2	2.4	2.6	2.8	3	3.2	3.4	3.6
Pyrotechnic	2	2.2	2.4	2.6	2.8	3	3.2	3.4	3.6
Wind Archer	2	2.2	2.4	2.6	2.8	3	3.2	3.4	3.6
Thunderer	1	1.3	1.6	1.9	2.2	2.5	2.8	3.1	3.4
Reaper	1	1.2	1.4	1.6	1.8	2	2.2	2.4	2.6
Demonologist	4	5	6	7	8	9	10
Dryad	3	4	5	6	7	8	9
Harlequin	3	4	5	6	7	8	9
Clock of Power	5	5.6	6.2	6.8	7.4	8	8.6
Summoner	2	3	4	5	6	7	8
Frost	3	3.5	4	4.5	5	5.5	6
Statis	2.5	3	3.5	4	4.5	5	5.5
Meteor	3	3.4	3.8	4.2	4.6	5	5.4
Trapper	1.8	2.4	3	3.6	4.2	4.8	5.4
Knight Statue	3.4	3.7	4	4.3	4.6	4.9	5.2
Shaman	2.8	3.2	3.6	4	4.4	4.8	5.2
Hex	2	2.5	3	3.5	4	4.5	5
Demon Hunter	2.8	3	3.2	3.4	3.6	3.8	4
Inquisitor	2.8	3	3.2	3.4	3.6	3.8	4
Corsair	2	2.25	2.5	2.75	3	3.25	3.5
Boreas	1.7	1.8	1.9	2	2.1	2.2	2.3